2.587812691853681457e+01 2.747150870837633363e+01
4.218682157106863428e+01 -9.039534912858138149e-01
5.712474047928295384e+00 3.759461382372749938e+01
1.875870937491157520e+01 8.014604893045973455e+00
-1.018556494612643526e+00 -7.179834588402655982e-01
4.829719240473153974e+01 1.536028442845318587e+01
-6.804579583207138072e+00 -2.635784987051359352e+01
5.820037999454608091e+00 -4.871581921683322491e+01
4.896103695357957264e+01 4.822683076029758098e+01
-1.725153559550793858e+01 1.574658907908040817e+01
2.186958581029605497e+01 -6.307603408357409513e+00
-1.983143950219557894e+01 -3.436667827937838382e+01
-1.280566950491521894e+01 -2.292685851732771951e+01
2.505888567165075642e+01 2.558699021635846282e+00
1.894291813572458594e+01 -1.410256836073883235e+01
-1.184962765185845157e+01 1.677072880803351751e+01
-2.622771511120214338e+00 1.325277815097854983e+01
4.424076429524591703e+01 -3.198139177889823870e+01
2.082839461085769273e+01 1.417828609836222498e+01
3.402779848729893075e+01 4.095890240337245558e+01
-4.899586792686261560e+01 1.532067499883891237e+01
-4.371459412460362159e+01 8.981348584829662585e+00
3.113182286303571900e+01 -4.397830710151261258e+01
1.562491928020658349e+01 9.022479044275588222e+00
4.274052810795379287e+01 9.776966047799284354e+00
-1.098599990807620586e+01 -4.636715246026078319e+01
6.598047655974936809e+00 -3.374412771510305475e+01
4.947858651000299801e+01 -4.057355936639557115e+01
-1.042942454670721020e+01 4.830186797467040805e+01
-4.937209203911069011e+01 1.176709022766934076e+01
-5.002584771772056627e+00 4.043570996571836673e+01
-4.825260431077216339e+01 3.584709200071421265e+01
3.155223566020042369e+01 4.849963780340210917e+01
2.892121875508114570e+01 4.849486780246409268e+01
-1.408253989732113354e+01 -2.354925353943960786e+01
-1.269761352326813686e+01 -2.451127605415884858e+01
4.506841075908177885e+01 1.965428073010318144e+01
-3.766643570221250847e+00 4.020731911660937641e+01
1.936078395752814885e+01 -4.717244808033039760e+01
4.810064567033081318e+01 4.882384350904111869e+01
-2.163473689114315945e+01 4.527900974880633100e+01
-1.087680337502538919e+01 -3.397894443306456225e+01
2.478497680232905065e+00 -2.857214970710332125e+01
1.893000480676158048e+01 3.206079507430451514e+01
2.527266342320022474e+01 4.747065644097718007e+01
2.410200172651471107e+01 3.113817712019307749e+01
1.024490200835444043e+01 -3.027280953929882656e+01
-3.941786380630730946e+01 -7.757466414712055780e+00
-2.740993660730164549e+01 -4.873888701567656057e+01
3.305471089344935720e+00 -4.734686757063153095e+01
3.661934480156455862e+01 -3.861226291343560035e+01
6.394381529059200986e+00 -4.726555550524584959e+01
3.947610623933353935e+01 1.337023994584950515e+01
8.675668712776607450e+00 2.134643948570693794e+01
3.859537833016413089e+01 1.261637267794324391e+00
-3.917808405745657296e+01 -3.485907829090045595e+01
3.659155689707439763e+01 3.629903944393914372e+01
-4.243081480996772115e+01 -4.431286629190100967e+00
-3.122535554396358393e+01 9.222729372530569236e+00
2.536127688903253485e+01 1.247885090262045260e+01
-1.134601941178625673e+01 1.716857491882116804e+01
-2.701543578231905229e+01 -1.169881146625497692e+01
-1.098654213270633395e+00 4.778864299186253817e+01
3.722628834565533396e-01 -4.283233982608345514e+01
-4.459870512421451139e+01 -2.618998250248896298e+01
-2.786266068701508303e+01 -9.736418983038607422e+00
4.272787848368613339e+01 -1.975836494838465285e+01
-4.433113985033373439e+01 4.380264286135287932e+01
3.503453573583279734e+01 -5.817374128353314688e+00
-6.431649731251098956e-02 -3.087982840470874280e+01
1.613853285979449481e+01 -2.366098935314273533e+01
3.300277054225057327e+01 3.194863976038897491e+00
-3.620979655756569571e+01 4.594774503176365243e+01
-4.721358426178575485e+01 -3.751036721377863614e+01
-2.303483589877860638e+01 4.987343136992122794e+01
-3.921798713459993024e+01 4.579725896294544185e+01
-3.406891770615369808e+01 -1.832439115101780480e+00
-1.654616339936346847e+01 -3.871350884046215413e+01
1.470401525194532333e+01 4.888180078466211853e+01
2.034367230805420590e+01 -4.863394793644629033e+01
4.613547644877405673e+01 -1.353231736570118571e+01
-8.607641188772252150e+00 2.715152770035799179e+01
1.798386427553568723e+01 -3.072331390899540882e+00
2.748230669911039215e+01 -9.347789851604371592e+00
-4.053059115107273414e+01 -4.446750106181915640e+01
-4.256941559040693335e+01 4.046211587600971882e+01
-4.576148180568838342e+01 3.132286758221103184e+01
8.738591227030800823e-01 -2.051726225548076243e+01
-4.641321973754840258e+01 -3.474865272737270860e+00
3.824517708988756937e+01 1.887320639475493778e+01
4.528984690334345942e+01 -3.344974837747463425e+01
-2.528515530791949217e+01 -2.922018009450572151e+01
2.659861421908866674e+01 4.527356674351958077e+01
3.680714145093724454e+01 -1.690477936276391091e+00
-4.080671137521930802e+01 -4.559106923937446965e+01
3.889527251269565511e+01 1.203947195423078398e+01
-2.013308466651689699e+01 1.118518496923446293e+01
-3.527676561866377458e+00 1.001500377741200154e+01
4.243813675036863486e+01 -3.540580829143916475e+01
3.497784388405237621e+01 7.000732806008391762e+00
-2.791371393389803046e+01 -3.607265544009651137e+01
3.915825727232452635e+01 -1.861993448031591214e+01
-7.768036101352615574e+00 3.185504552784901477e+01
3.924491245812943419e+01 -9.172567258872943441e-01
3.324419736804479442e+01 -3.514179046800754946e+01
1.674163627540570332e+01 1.474757385618119532e+00
-3.519239774719673619e+01 2.802530840235486664e+01
-4.114123637764284069e+01 -4.593053853317148594e+01
-3.895996575509688142e+01 4.671993080422054412e+00
-1.268983618277365011e+01 -1.566168752787762131e+01
3.995737105638815478e+01 -4.136372297407375775e-01
1.523021257515796378e+01 -3.895754353939984149e+00
4.059011390579993162e+01 -1.248041903379978379e+01
2.052693376749484955e+01 4.055317447288463484e+01
4.623881058474174210e+01 1.182783273144123370e+01
-3.489847972024160327e+01 2.801539591078716640e+00
3.726423192106113191e+01 -3.600046762141124645e+01
2.377118759929700431e+01 -7.850659742922094786e-01
1.935101848794472801e+01 -1.437044462180045912e+01
1.238952356135355437e+01 -1.161257495674506934e+01
-1.111832952663042207e+01 3.165928460624562035e+01
-3.301025268730167994e+01 1.401141186961579699e+01
9.720392784656418428e+00 -3.129483137029801654e+01
-4.684211921724597261e+01 -7.266946440519439498e+00
-3.897734565553252395e+01 -1.337053594326010852e+01
6.484067609199184901e+00 -4.406821314942732215e+00
1.865242697387705562e+01 -2.311587114788360253e+01
-7.249525653595534358e+00 -2.299832505432220131e+01
1.216029018593579636e+01 1.780291120032262420e+00
2.425360580856017467e+00 -3.770012074218547582e+01
-2.318139058521275686e+01 -1.092562909773949720e+01
3.204105305997597952e+01 -3.938801267141484175e+01
1.693707742762250490e+01 1.595293501830747829e+01
-3.969256310800201959e+01 -3.865869500118234470e+01
-3.955475602526189505e+01 3.629665337453202056e+01
3.316303615028357399e+01 -2.686318475143596629e+01
-1.933029701344273121e+01 -3.396096243630666578e+01
-6.710966378929484222e+00 -3.515739160922785800e+01
-3.879558565777455925e+01 4.789987258449239960e+01
-1.630459590756031574e+01 1.126996440625859286e+01
2.865340364182070587e+01 4.769875274139964461e+01
-7.368029633399764577e+00 -1.418478809523476869e+01
2.679262983190369241e+01 1.333551147515664681e+01
-4.322590949738215471e+01 -4.584648065956894669e+01
2.457176702329897466e+01 -4.569709194262468088e+01
2.895462827792315608e+01 -4.303427475004030356e+01
5.647273665754603655e+00 -4.464563745862084687e+01
-2.226479568762760408e+01 4.255321061615339318e+01
4.614480840744769097e+01 -3.569853490666201878e+01
2.740087512489980526e+01 -7.371099336400188662e+00
4.655423643073345374e+01 1.416410039631034223e+01
-2.168672560559669193e+01 4.380398602624256910e+01
4.704960922599726558e+01 -1.600653277334911451e+01
1.559188294184290413e+01 -3.133603422824507945e+01
1.976774635035283367e+01 -1.436014234163458525e+01
2.904572939952354460e+01 -1.883751683420605971e+01
-1.796191810558900315e+01 1.655573029975793276e+01
2.114933706593908980e+01 4.013235785643687592e+01
-6.326434127727365464e+00 2.477228059409967287e+01
-3.798025238952028815e+01 -3.760215497849445399e+01
-3.524803791565452826e+01 -1.545627952615343759e+01
-2.808270609847642874e+01 4.059837606821194100e+01
4.445599304720948908e+01 2.403973903706410198e+01
2.792054083751930449e+01 4.825931398917604476e+00
4.022777853157882078e+01 2.275906340765805425e+01
4.036764252858141333e+01 -2.504964213106487492e+01
4.268150962432359918e+00 -3.612299885017343826e+01
2.369654983475177801e+01 6.064739862344015187e-01
1.434675577482469322e+00 -3.827969647284265875e+01
-4.346671028455628516e+01 3.103333413905629001e+00
4.310710039434957253e+01 -3.284694958693903288e+01
4.096037801709346837e+01 6.019302231039747042e+00
4.884987228581279339e+01 4.103215697478314894e+01
6.477207635606163194e+00 1.572345956897165387e+01
-1.225068794721310184e+01 3.182244312394091423e+01
-4.349230364400591853e+00 -9.359490766292621444e+00
4.508328896540076869e+01 -4.036543451285581341e+01
1.638138648715594670e+01 -4.032053567516410197e+01
2.597127574152158225e+00 4.037052283252937457e+01
-3.260152973864949288e-01 -3.070265891644883283e+01
-4.262428091671090158e+01 1.988866406583725777e+01
3.554128278173248390e+01 -3.467030352470260368e+01
2.168973968606141511e+01 1.143816648004731817e+01
-1.558665225992417191e+01 -2.833171551284327094e+01
9.378537609644244100e-01 -1.927101890171233478e+01
4.321918033014959803e-01 4.940877506040742873e+01
1.920951768112962910e+01 4.242243825674207613e+01
1.050582164509273930e+01 -3.148424666473529498e+01
-4.074973751865743310e+01 -2.324826264859096625e+01
-1.503823002855446589e+01 -2.732233337405937235e+01
1.383533025854126741e+01 -4.171488824519531846e+00
-4.719066714367934168e+01 -6.348494790933578713e+00
-4.989849552411052258e+01 -2.450416333879640263e+01
-8.846734271652767490e+00 1.628264483122091733e+01
-2.344036479908850978e+01 -2.761644691029394494e+01
1.821775545911325977e+01 3.285359535754507476e+01
4.363741673834780954e+01 2.252721865711818694e+01
2.556890564152980261e+01 -4.983344117981900467e+01
-4.871997261305002525e+01 1.404439984457042101e+01
4.682104859788269380e+01 1.552939795337149320e+01
2.390832067285237983e+01 4.319145289063816051e+01
-3.110480282756011849e+00 -2.427298517287476187e+01
-6.010642210745742453e+00 -3.641584357342532030e+01
-4.661148134260974984e+01 -4.857373763521057697e+01
-4.436693108016437037e+01 2.818092219417027877e+01
9.466240497078548088e+00 -1.831135541874032668e+01
-5.586206606690047316e+00 3.669209743354450382e+01
-3.124383626178232021e+01 -4.066989519628327443e+00
-4.908941550713144863e+01 4.058273902801797561e+01
-3.196834697208040765e+01 -7.154017362712483674e-01
-3.714238077472671051e+01 2.107946793908984517e+01
-1.687389732322294122e+01 -1.152522034098765147e+01
-4.532649363511983864e+01 4.714635144066379979e+01
1.995782423557309571e+01 -1.742087516023171911e+00
8.706318627377672925e+00 4.002895131960341502e+01
4.538298203924404817e+01 4.866103341669082738e+01
3.197680716690418734e+01 2.098336354315530983e+01
-3.813694780875020740e+01 2.828541023905293272e+01
3.850522843113564875e+01 1.235572351675864411e+01
-3.067619180394179779e+01 -3.935284953907343208e+01
1.382781868719812302e+01 2.874048221954365090e+01
-4.836385680661100395e+01 -2.619323421853178147e+01
-4.588369361626313037e+01 4.966483221915980550e+01
-1.076683898462490419e+01 4.878240643243204744e+01
-7.798275717658786910e-01 -3.002030613338503429e+01
4.617535687652538456e+01 4.190171120073949851e+01
-1.328162328159091565e+01 1.121313816859509416e+01
4.733250043842951449e+00 2.493676379931229903e+01
-3.094025815593879258e+01 2.096948225098189766e+01
2.554658607524410385e+01 -1.896026039310215694e+01
2.039403210509496134e+01 3.260061331302676280e+01
-4.304980739152330926e+01 -9.027131148179767806e-01
-7.332887746693305786e+00 -4.717719307388549055e+01
3.064088762951729805e+01 -9.601897713059859285e+00
4.466508228095086253e+01 1.050705773045463864e+01
-2.423575107774281889e+01 -2.635107198199138079e+00
-3.481640720735650518e+01 -1.931589520858184628e+01
2.074045144089320392e+00 -1.498850615209246229e+01
-3.614552000739212900e+00 3.651908500927617496e+01
-2.714692454713508596e+01 2.275335628631227536e+01
-3.874882904348698531e+01 3.291077463037741779e+01
-1.464892592955840911e+01 -2.889060189863456074e+01
3.341414716726439593e+01 -3.087452107807727586e+01
1.735426522087465528e+01 -1.929182440078456295e+01
-3.279564374243244629e+01 1.880916889341424181e+01
-1.994543626131679659e+01 1.686144285229664774e+01
2.458049641210643443e+01 -4.487938941434583739e+01
7.662942616311275046e+00 -3.120718477254681389e+01
-9.736220870703139241e+00 -2.985352350306446212e+01
2.115214035589890784e+01 -2.146737815797069615e+01
1.074143441751249739e+01 -4.675409176934033439e+01
2.563559126965447987e+01 -3.693451424617624212e+01
-3.254179205632309646e+01 2.515665600997585294e+00
-4.687143392190827740e+01 3.877158235423929966e+01
2.300562033809402251e+01 3.258927547358927512e+01
-3.351835718615394910e+01 -2.136484325689137620e+01
1.027354661502023525e+01 -3.498744489539773639e+01
2.704812180668197996e+01 3.368980594447281618e+01
-4.398692553338896261e+01 -4.038272011313126342e+01
-3.577021314547715036e+01 2.753386200533602945e+01
4.232597181176974743e+01 4.844610872975880511e+01
2.015072372730882933e+01 -2.883320764650689938e+01
3.698178111208896013e+01 7.740825393190697845e+00
3.689477093389427154e+01 2.586653285977968864e+01
4.123723754281072473e+01 -4.273001518527467368e+01
-2.770310837308849017e+01 -4.790038234716881504e+01
4.884434834341701048e+01 2.721004003916739222e+01
-3.521283137792708828e+01 -4.584676952624914037e+01
4.474025230556216570e+01 -6.598854995240244214e+00
1.678438664320203166e+00 -4.237387740257847213e+01
-2.861347822890628478e+01 1.594308894676816912e+01
2.039155468315652087e+01 -2.775328100241021190e+01
-1.900980088382145894e+01 -1.873756139529931630e+01
1.586768054526199734e+01 -1.476968369177850171e+01
-4.156111003681463956e+01 8.071340446222752263e+00
4.373575388538200315e+01 -4.390969701751801679e+00
-2.536808880614307427e+01 -1.779788308178830292e+01
1.836337150841921328e+01 4.359418576229978726e+01
4.723263527041539334e+01 5.608458250784065235e+00
-4.187108464204203351e+00 -1.161711361206397797e+01
5.695075360109102647e+00 -4.511856092763605375e+01
4.819122668610720694e+00 4.260447769635550230e+01
-4.677809335736914420e+01 -2.924904387693427665e+01
-3.588536406307072468e+01 -4.531131787756758200e+01
-2.522648987242293117e+01 -4.407542559311641384e+01
-2.019123597551638483e+01 4.086347603382134430e+00
-3.564550839960302397e+01 -1.244901663682620452e+01
-2.506327042803468963e+00 -1.393999560695877804e+01
-3.480084922341713849e+01 -3.043987099996648027e+01
9.297062989519410792e+00 -9.035782584860363897e+00
2.324723518725289040e+01 9.661335008444593697e+00
2.548961222913474955e+01 -4.388058720150584691e+01
-4.964400955831532514e+01 2.973633427762860748e+01
1.467385607800080294e+01 -1.003882796628551333e+01
-1.811258239420846650e+01 -4.418242792395640350e+01
-3.457337299478891168e+01 1.919819287204945724e+01
-3.038986721360635812e+01 2.681379443060994916e+01
-3.560977644417741317e+01 3.533292033476848815e+01
2.297069247210846754e+01 3.031749678561085304e+01
-1.218379231072592717e+01 -2.692363429242046280e+01
-4.243757162256260074e+01 3.209891092667537293e+01
4.380430208222578869e+01 2.770512744270673267e+01
1.629689381960288586e+01 1.893704122250747801e+01
4.291501638458326795e+01 -2.314769238753424574e+01
-1.515439865153982524e+01 -6.930432021324417491e+00
-3.740739964516586014e+01 -1.394344806901627365e+01
3.396309639684255899e+01 -1.775407927629500904e+01
3.258782667059860927e+01 -1.511978662614920133e+01
-3.353655598288811746e+01 -1.044721289785576168e+01
-7.436351872075597669e+00 -1.721993943684740902e+00
4.407693907471053052e+01 4.527631557532891549e+01
-1.186196119498468349e+01 7.770313295153630229e+00
-1.827431238697696614e+01 2.913592465123161546e+01
-3.147531331699656576e+01 1.033009137930935850e+01
-1.601634370929670936e+01 -6.371444224553746594e+00
-1.374893334505655673e+01 1.023290917155209634e+01
4.829504484246170648e+01 -4.424377211324612347e+01
-4.269931013865348035e+01 -2.546516669338416694e+00
3.954560783677674163e+00 1.276105136390052230e+01
1.375340240904547784e+01 9.601860605728118614e+00
-3.010739939800336629e+01 1.270468646079288000e+01
-5.152447020349293361e+00 -2.908210146887397940e+01
-1.521455580842712152e+01 4.031619396917565012e+01
-7.930446561780679637e+00 5.019904054277734673e+00
-2.792059823504973082e+01 1.224222422645460107e+01
-4.201041698461249752e-01 -2.858083137844300481e+01
3.791315773907300013e+00 1.190423139622098780e+01
2.661290098319391006e+01 -1.128787000601180246e+01
4.015580017860121842e+01 -1.361709586947887907e+01
1.631669196846764436e+01 3.183985281468730832e+01
4.270219238830025432e+01 2.293266852821954771e+01
2.468310309969370309e+01 -4.529310028248706743e+01
-1.703271548488850584e+01 -5.423236712543633153e+00
3.835991482484164550e+01 -2.458961353832340535e+01
-4.799288942322714746e+01 4.970333325095024435e+01
-1.174862241635782389e+01 -4.926148515086290303e+01
-1.651005501624576155e+01 3.895323444933366375e+01
4.360844693243613079e+01 -3.077065863830446091e+01
2.756365475527665510e+01 -4.202763724723958205e+01
3.072066120561123270e+00 1.173265343500281510e+01
1.622418878287632538e+01 -2.730798997126381167e+01
3.414447979935864197e+01 -3.328800865042702384e+01
-1.709082104771815125e+01 -3.680300700757663890e+01
3.616552036716760199e+01 -4.450894777298576344e+01
-4.797374742963879157e+01 3.344861396020564115e+01
-6.622204470596438242e+00 -2.450532566713236093e+01
4.409026510084986938e+01 3.276988287923553145e+01
-2.279696695984369015e+01 -2.851728832477695708e+00
-8.465308591956189233e+00 4.173575204479597289e+01
-7.238681404052238477e+00 6.134588747328129088e+00
-4.574588923448982314e+01 -2.375713016141500766e+00
-3.085268381637824575e+01 9.477412424145082781e+00
2.271523006841269421e+01 -1.620057413804161328e+01
-4.540691349793009124e+01 1.380727669560883797e+01
-4.849064300098451241e+01 -8.151991183932583596e+00
-1.062647068042416088e+01 1.994201761138943851e+01
-3.205412531946667798e+01 -2.986308964412793898e+01
-3.415117910065013085e+00 4.417943055011306086e+01
3.137416539914013214e+01 3.666567187179555987e+01
1.848504915449714758e+01 -2.946362088555354308e+00
-4.943981588350369805e+01 -2.519446405008039136e+01
2.762539955874968456e+01 3.188174185992462739e+01
3.329095155093263259e+01 1.136228016903448790e+01
4.224520175017040202e+01 1.932759968222236324e+01
3.288169029970264035e+01 2.996392218286860754e+01
-1.875743169868114890e+01 -2.834114234384851372e+01
-2.480888858651487539e+01 -4.161374834603314099e+01
1.680852636313775506e+01 6.427549801066955837e+00
2.622808559557131503e+01 4.261086009490610138e+01
-5.907835603552092252e+00 -2.759132709346976497e+01
4.029555368840047436e+01 1.361457300476769383e+01
-4.371096804225279442e+01 2.642827062419361717e+00
2.189371206929667935e+01 -1.050533862596829593e+01
-4.700598993201487730e+01 5.196830261190632072e+00
2.012829439296445244e+01 -3.396462225646440203e+01
4.970792855209160699e+00 -4.431816890896425321e+01
-7.037748727568948759e+00 3.536715363277491520e+01
9.954671462963204931e+00 4.392686197677547000e+01
-3.610665904810221605e+01 -4.946109518983441689e+01
1.567615935116846160e+01 2.272947406603064024e+01
-1.404413738406523571e+01 3.050072720081431488e+00
-2.885096721842598200e+01 -1.705409535651757480e+01
3.873422021833111728e+01 -4.988982581215493184e+01
1.718675136561955696e+01 -3.125322299558074235e+01
4.303733244273531255e+01 -3.683096515801248216e+01
3.286428514448601845e+01 -4.853319051928212957e+01
-4.254915986660579819e+01 3.418123946976115235e+01
-3.139385819073174844e+01 1.639841345750738810e+01
1.635813963965679818e+01 2.668414938859705643e+01
-4.929517852538176470e+01 -4.517661832776687447e+01
1.787758331656109689e+01 2.869422908628693847e+01
-1.854077571547347958e+01 4.614673749700194350e+01
-2.454042420314608108e+01 -4.554639530824767135e+00
-1.634711719741894598e+01 4.384344533747014339e+01
-4.031415851799707895e+01 4.755772041221213442e+01
2.905302357626614551e+01 7.721878282003724614e+00
3.127839851808841232e+01 7.671338663098015154e+00
2.856429791423062881e+01 -1.690680477544117366e+01
3.580429424068447730e+01 3.610180412269402694e+01
1.519147563564970937e+01 4.312915006261724216e+01
7.113487889954361876e+00 -2.679337968089055977e+01
-4.002202588171509490e+01 2.227445522143050027e+01
-2.072540370766343543e+01 -5.216661641741615618e-01
2.651323296857205492e+01 2.537793646848080087e+01
3.138564251691925477e+01 -2.554991492312780466e+01
-2.564545499054453614e+01 1.210193304418247706e+01
3.137253385110372328e+00 2.530280034744337669e+01
3.494464488994020002e+01 3.815414360803875837e+01
4.816507150262754067e+01 3.503915545943887366e+01
-1.910086779954182035e+01 -8.158594863069524195e+00
3.652747525691444253e+01 -1.557141635831473891e+01
3.671196773294981597e+01 -1.003924167169726367e+01
-4.161123563805158909e+01 2.956233004907647910e+01
-4.310562875279592987e+01 -3.888165178367722774e+01
7.836568766261819974e-03 4.815402087050694035e+01
-4.350214906771321388e+00 -1.619016406714567324e+01
2.692094325293981072e+00 2.577497130398824865e+01
3.940207210404180671e+01 4.239475738322219200e+01
-4.883579171504271343e+00 3.973839593147799576e+01
1.878866497315388884e+01 3.412713714252977582e+01
-4.261382681054464427e+01 -5.704783778198818212e+00
-6.217275294873337188e+00 3.660712383177035889e+01
2.350251005820314276e+01 1.252539518305152377e+01
-1.560438060295081897e+01 -2.453235885334037469e+00
4.298056584717525652e+01 -1.147841734069628927e+01
-4.805325228774130863e+01 4.316102987368451949e+01
4.280015535369425805e+01 2.002155006341648402e+01
1.382361880552371858e+01 1.342453417269288174e+01
-3.836668933390912883e+01 -2.348358390070993806e+01
3.211930630381682050e+01 2.859884296892459687e+01
-3.867854671853441317e+01 1.027299643992489742e+01
4.285393197850706493e-01 -8.816338046544780482e+00
-3.892191990081232689e+01 -2.931472394723766417e+00
4.946460394537239580e+01 1.383741460544203328e+01
-3.236055860233971515e+01 3.597725817734090015e+01
4.574700914886358305e+01 4.356873977033849599e+01
-4.045427942991474879e+01 1.496562164175740861e+01
3.847157611758521512e+01 6.038765018081083014e+00
5.800956559352088426e+00 -3.679533934386477512e+01
8.087722785316643126e+00 2.128966037935787625e+01
3.695752028678263201e+01 -2.990477874949548642e+00
-3.148980077970064961e+00 -8.360361239083791141e-01
-2.352828262404983306e+01 1.056461201579672604e+00
-3.316456749276645866e+01 6.343658595396184374e+00
2.322525802114983051e+00 -6.597969439139717451e+00
-1.449613100301302460e+01 3.829546330631931994e+01
4.569312735881816678e+01 3.053282994691741692e+01
-3.344159929625556416e-01 -4.314330572628842475e+01
8.678489849902815578e+00 2.694455931018460149e+01
2.796611731443853088e+01 3.142847261816672599e+01
-3.647397125405531426e+01 3.680894950490831707e+00
9.062119272883762733e+00 -4.383367223877117169e+01
2.655377363035314886e+01 -1.934167985773790477e+01
6.108461945580801356e+00 -2.719696254357609888e+01
-7.517959368128579456e+00 3.799918642091609655e+01
4.747154322953461048e+01 -3.941447919410027367e+01
-4.983418209038029545e+01 3.490078666894847004e+01
1.552426704756459941e+01 -6.456243611777001234e+00
1.477259929737462230e+00 -9.573101628921843798e+00
1.144398383253101237e+01 -4.339209070049025030e+01
1.866111614651540052e+01 4.242537800531403036e+01
1.037122881246430595e+01 -8.734340605408929648e+00
2.151990054337870006e+01 3.675299861636494114e+01
-3.604220587716530133e+01 4.526911512275948724e+01
-2.906586299157474329e+01 -4.972730717031465275e+01
-3.769568648785306664e+01 -3.573505233393182579e+01
-3.617718400775268606e+01 1.637045911198719139e+01
3.082217092126047220e+01 -2.279746475391386529e+00
-3.883222265280519281e+01 8.722191542929403241e+00
2.552024377700308122e+01 -3.890610240701642653e+01
-4.098581927809789249e+01 -4.832218473930558389e+01
4.102884385393378608e+01 4.123571892325558252e+01
1.310479964896579297e+01 6.476463601032211415e+00
2.089697274877533317e+00 -2.969148860644019550e+01
-1.771130108376076606e+01 7.996835885180574977e+00
-1.897571909968859316e+01 3.159446039741338197e+01
-9.476715451720817640e+00 2.060710648372625542e+01
-3.046686987649945877e+01 3.307123047040245467e+01
9.966898722057681681e+00 3.394217288644085784e-01
7.616787072107289447e+00 3.295076843294880575e+01
-3.488340593777574838e+01 3.338254062356160734e+00
1.893371469358988790e+01 -2.940924701154986565e+01
-4.287294901829010740e+01 3.187396238035686835e+01
4.547421768526162111e+01 2.281893019913663423e+01
-4.386336396500611556e+01 1.118971770784240505e+01
-3.469192271250732773e+01 4.659615689329239530e+01
2.683716125207747893e+01 -2.453150948806840503e+01
-3.257946793005057629e+01 4.626641957585001563e+01
3.644046684512133538e+01 3.511207230457600303e+01
-2.131911713802213626e+01 -1.363339041230791082e+01
-3.210285313468281032e+01 9.875440889638564812e+00
4.106423287469450401e+01 9.550175787275461126e-01
1.337289371133517690e+01 -4.417557664073146206e+00
2.845572288790614124e+01 2.027673797606017558e+01
3.976355358114152239e+01 4.934480776734081786e+01
4.644302111299861480e+01 4.143483036120115770e+01
-4.653949911629064928e+01 8.154730802904719411e+00
3.762880032942438646e+01 -1.141384425378356759e+01
4.523071935502004237e+01 1.005131401769779842e+01
3.580578249893920884e+01 -4.665875210406687046e+01
4.212685526751439369e+01 -1.035225224172056002e+01
3.948952906373610716e+01 -2.962026017734163830e+01
4.843972098326000264e+01 1.165699556218691058e+01
4.072712129679967319e+01 -4.462537512708843224e+01
2.800289997681081289e+01 3.575764353290762187e+01
3.624691627789743364e+01 -1.781280007724804904e+01
-3.084057829631003944e+00 4.296950995631454617e+01
4.151124943573927339e+01 -3.150984180980504945e+01
4.751004283722471655e+01 9.301858229257719657e+00
-1.484502070704029109e+01 -4.486955481437047411e+01
4.694809445150027472e+01 3.851171323496376431e+01
1.868631322280337415e+01 -4.954698247761169938e+01
4.478875669713004726e+01 -1.748089811573021279e+01
4.127710297483153568e+01 1.825417925373451311e+01
2.400960144383834649e+00 5.910465096990879630e+00
-2.543290369565903575e+01 4.926502212605288200e+00
3.864903842010563295e+01 -3.167277766923970361e+01
9.277308411287222611e+00 -2.506354268473879188e+01
-4.420863346911681901e+01 1.572770389467704710e+01
-2.905883102473153556e+01 4.284649830780581681e+01
2.517956732881213711e+01 2.300281027222393959e+01
3.336917293417340780e-01 4.726364686659776737e+01
5.084819989159717224e+00 -1.985470495237118271e-02
3.478996696194802674e+00 -3.657359667912679413e+01
2.090014985923133040e+01 2.572887710578636344e+01
-2.556399700036644518e+01 -4.943657094171438615e+00
9.859641468048629953e-01 -4.195245666712224875e+01
4.700343844135912441e+00 5.752144949801385465e+00
4.824075115609240783e+01 -4.273814901947181966e+01
2.971329640146939255e+01 -3.909641389706558812e+01
-4.009889033597002772e+00 -4.823797839549071043e+00
3.339725439424454834e+01 -3.998682100009509632e+00
-1.971876056580906678e+01 -3.391162378239437203e+01
-1.265651297229877237e+01 -3.936464044276119978e+01
3.004214287166903219e+01 1.086948842181977248e+01
-2.871480193068271092e+01 -2.502038856483435048e+00
4.396717119960970876e+01 -4.541546023501143736e+01
3.711688908900131167e+01 4.136852324402936176e+01
3.009509654153410452e+01 -9.537263735421152688e+00
-1.321370423840114761e+01 3.254545357980490650e+01
-3.520955411377111233e+01 2.234301579686548322e+01
2.791628074951696448e+01 -1.853776902322092823e+01
2.534967854488136041e+01 -3.244858090177387311e+01
5.378372433608480385e+00 -1.774264556255850067e+01
4.403190012452592583e+01 -9.110234337822276984e+00
-4.507402065936985025e+01 -9.977308398143202695e+00
3.829996216016158428e+01 4.859683515619160943e+01
1.946409591828823693e+01 -3.260279297562540535e+00
1.693844201460106191e+01 -3.449454975173084392e+01
-3.138258422111238488e+01 2.598626199446222174e+01
-3.253272355089176227e+00 2.755510243347911725e+01
4.040627941347912611e+01 -2.439211969075035924e+01
5.839899510905754987e+00 1.822501809518272253e+01
4.790017304562432798e+00 4.492334774382078422e+01
3.457838411977921567e+01 1.789778433023984050e+01
4.006245793670836974e+01 1.502297579173658093e+01
-4.086074775882207888e+01 -4.624344246832598060e+01
2.473935484394904449e+01 -2.239389145818528704e+01
9.250237508224723015e+00 3.178272128198277358e+01
-4.017612582969212554e+01 2.375698565533364004e+01
-3.912037262085404166e+01 -4.309678055532013730e+01
2.436332025353430453e+01 -3.920287838213496201e+01
-3.793623642983886413e+01 -3.703366668398177097e+01
3.188975828283624381e+01 4.977954584558887774e+01
4.709037153653790142e+01 3.149402989255909446e+01
3.278276945017366728e+01 4.827486665048454739e+01
1.812327361467547249e+00 1.374430458803013266e+01
2.719120276756072840e+01 3.334593807231501472e+01
-4.820261362391708104e+01 -1.125476850904412274e+01
-2.416080869885242066e+01 -3.991303532658108111e+01
-3.553298104258224299e+01 7.911723714207008484e-01
-1.281334781023607583e+01 -5.971983484280518617e+00
2.775333751746559230e+01 2.458846176831631780e+01
2.083365514923416484e+01 -4.836120182477731078e+01
-2.158732144436503830e+01 -4.142943038326772864e+01
1.006431901705285803e+01 4.779258314566322241e+01
-3.188740656253775541e+01 1.599512597959136251e+01
3.980943419839778841e+01 1.982786108573827377e+01
2.660846563269498688e+01 -2.606933486196272298e+01
4.081969269221275454e+00 1.707673986342150840e+00
4.324750322136039493e+00 -4.078655851961335088e+01
-4.050593299453465335e+01 -1.012900155227776011e+01
-1.362415148275041332e+01 -2.001972318858658006e+00
4.711872603849644037e+01 3.187487538913666896e+01
2.253482082325771785e+01 -1.200393276185820568e+01
2.721296139518637602e+01 -2.706793384877063247e+01
1.794560435443459667e+00 -2.087385749837878990e+01
-2.706501904131961567e+01 -2.802341844208279298e+01
4.698743752791290262e+01 -3.535094625778501864e+01
1.400719380202720643e+01 1.800230650784735431e+01
-1.475818033381638372e+01 1.414558937798958738e+01
2.098806499371996814e+00 3.687888156832303821e+01
2.195260113787822487e+00 1.148438832659226527e+01
4.516657961714967229e+01 -4.097766401763256283e+01
4.571538640724903679e-01 -2.014857481930032446e+00
-4.133114716765948771e+01 -3.007706326090251281e+01
-8.729954123106454134e+00 1.732974608932240557e+01
-4.140710722857730275e+01 -3.545235659603554268e+01
-2.579652647374287611e+01 2.968662771427737113e+01
4.469923630003238202e+01 4.914845812870660779e+01
2.756210563124572577e+00 -9.646149491376432294e+00
-4.905356596675435554e+01 2.230269646703700914e+01
-3.386196114205342056e+00 -1.862190812870186818e+01
-3.503853972267400962e+01 -1.615962996938002938e-01
-8.250709559230195111e+00 -1.589172025071394767e+00
-3.577195974203324624e+01 -3.763040869586667014e+01
-4.311926759752218175e+01 -2.034265995927588833e+01
4.569690162607547990e+01 4.521156785210395412e+01
2.671392941185936110e+01 4.089062024207047585e+01
2.071588142385743936e+01 -4.355661351898354461e-01
7.049018195662881681e+00 4.679099930053251910e+01
1.041814751169368769e+01 1.539035921214936309e+01
3.602624447854755374e+01 -2.869110939924084391e+01
-2.756912002531353068e+01 2.781113100081171652e+01
-1.625835555054565518e+01 5.262605447468493125e+00
-1.859073290967191383e+01 -3.143567375819884546e+01
3.222174005847418954e+01 1.930125225715952908e+01
4.770957164404330086e+01 -8.021875452988302513e+00
-1.059956860265206480e+01 -2.771986917184828769e+01
3.965507374898478332e+01 2.908597258421030674e+00
-3.509594799653792307e+01 -1.047879170449610342e+01
-4.923560652545542382e+01 4.377096716400021847e+01
3.084946379702287089e+01 1.279045310242492661e+01
-2.753775448521018632e+01 -4.345911346323671154e+01
-4.601212104252394575e+00 -1.128401262812480610e+01
-8.894667695599345336e+00 3.568096857586310477e+01
4.682861325834372224e+01 -4.175000741362505607e+01
4.280671156936003285e+01 3.017779108127678356e+01
-3.121985542473085928e+01 1.007578415106548064e+01
-5.377851673723155201e+00 -3.354248746768302425e+01
1.377679544079823870e+01 -2.918890013578443643e+01
-7.629428204361055066e+00 6.626390405585724785e+00
4.753548278413786932e+01 -4.567633030901036761e+01
2.715012276665425972e+01 -3.222317318998645419e+01
-2.676084714240968410e+01 -3.278512106699005102e+01
2.707293473188936517e+01 -4.301572922023172652e+01
-4.560900821984360221e+01 3.869372332766666034e+01
-2.115601387308674219e+01 3.765594418652663222e+01
3.366784688135852122e+01 -1.011790984225070567e+01
3.898491975341993054e+01 -4.948362028762797138e+01
4.007079246225448799e+01 4.643624786657188963e+01
-4.085285408876470115e+01 -1.927466624453156996e+01
2.836127329437887568e+01 3.199184705390711869e-01
2.965441312430212406e+01 1.878683891573476217e+01
-4.515646099912284939e+01 -3.064670312438667565e+01
-2.460440771689342654e+01 -3.391285625092377387e+01
4.959639875968362333e+01 3.968212164771382078e+01
9.092667228229290188e+00 -4.403895333693947123e+01
3.865577952275198470e+01 -3.282868493226971651e+01
-4.068440085729746158e+01 2.851296161129371853e+01
-4.305625789195346442e+01 2.121768143300612053e+01
-2.442214486888151370e+01 8.805727500459203938e+00
-2.464909755504137578e+01 1.424348129309938038e+01
-1.047818221265707272e+01 -2.663643366725587658e+00
1.525971886985067982e+01 -2.645900388535755710e+01
-1.501022114525418871e+01 -2.111213554141321325e+01
-1.966541427140404608e+01 -2.085314788254608587e+01
-2.611015289099741921e+01 4.081209570581055601e+01
5.047107797321492839e+00 -6.986711275135226273e+00
3.573639155070406304e+01 1.607753339372906964e+01
4.163827418080365561e+01 3.451916407688428734e+01
6.691732890255897459e+00 4.725904012791373532e+01
6.418735829705179974e+00 -8.031704440936549005e+00
2.096149659389646658e+01 -3.162947060904772911e+01
2.600054128062802050e+01 1.652167114442245577e+01
-3.206203089772557746e+01 -2.265353108465360066e+01
3.823832029088942619e+01 -3.268404281603023520e+01
2.621649454611032581e+01 1.150679634364583137e+01
-3.571588144372319817e+01 -3.536095259021876558e+01
-1.358487234841360092e+01 -4.690354080559694694e+01
2.613565439098516308e+01 1.903365075292458997e+01
-3.126305964571729490e+00 7.934510702045260544e+00
-2.599748321123178840e+01 3.924436460623213208e+01
2.820418311136654310e+01 -1.195569018312717624e+01
1.679117297199406167e+00 -4.277934595652813954e+01
9.907965193456625741e+00 -1.454461782966115457e+01
-4.626841379878231209e+01 -1.869520268016023934e+01
-6.248975871245320945e+00 -3.018604638297294329e+01
-4.238774209554463113e+01 4.287934726115287987e+01
1.727010910572171909e+01 2.204900165878376228e+00
-7.994385265362868864e+00 -2.264103230459909710e+01
2.047190604759624577e+01 -1.205559775759716956e+01
2.372041700187729063e+01 -1.804755264518874824e+01
1.849577603631284006e+01 -1.899576217395781974e+00
3.731924804933232309e+01 4.592066712878840917e+01
7.854313241688504199e+00 1.133945913384178894e+01
9.964361506550467595e+00 -3.244696354786752579e+01
-1.816801309276154797e+01 1.893594859510836415e+01
-3.861298054275974323e+01 4.082331497665231268e+01
-4.172122451631216222e+01 -1.051326961125915815e+01
-3.094880391812566600e+01 4.412876765292552506e+01
1.730543374723736605e+01 -4.409115963932310933e+01
-1.375920775844113919e+01 -4.638433147235594589e+01
3.426656575773915137e+01 2.123323632120517246e+01
2.290403417226093552e+01 -4.386942964402495981e+00
-1.800669483371922652e+01 -1.893742295459834679e+01
3.958243634826141832e+00 -5.121384911798843476e+00
4.047484367439408004e+01 -3.554473476376743690e+01
-8.395493821244381927e-01 -1.091255158077806264e+01
4.534225822188181354e+01 -4.453932070757563366e+01
3.481379564397981596e+01 -9.325586450901202085e-01
-1.847491179577066589e+01 -4.291140785674080149e+01
-8.370657426378869559e+00 -3.004251784433065176e+00
-4.728519222836964531e+01 -2.100256697676485729e+01
9.464922571020274233e+00 -8.376345756498471573e+00
3.884187253888632085e+01 -2.776353667037284723e+01
-1.279677465288523486e+01 4.715502380047875697e+00
2.127974932896674432e+01 3.859168138748548671e+01
-7.388168340632706332e+00 -1.714467459998515508e+01
-1.528620499891964002e+01 3.083147512773425447e+01
1.844882162890561972e+01 2.440284240059260412e+01
-2.803586180732995459e+01 -3.238408025137403712e+01
3.996929421827584150e+01 -3.568396035598316729e+01
1.626024044849198091e+01 1.004729511846429446e+01
-3.830827759243804564e+01 -5.739361291472977911e+00
9.098422739893564426e+00 2.994849120009180865e+01
3.872332232618400383e+01 3.507639527964816750e+01
-1.839550788893838984e+01 -1.936437931182896222e+01
-3.017645202203411703e+00 -5.593231219818006750e+00
3.354655161482689163e+00 -5.747050690246058302e+00
2.586521841489881623e+01 2.631638752466175646e+01
-1.810005050475792387e+01 -2.869544882191401669e+01
-4.708761168479804837e+01 -2.244261446823580997e+01
-3.126117385162888596e+01 -1.566289583502332761e+01
-4.586456089066750508e+01 -4.088319936005134991e+01
2.318919714967746515e+01 4.587860197288106789e+00
4.744388884158223796e+00 4.965497740664971360e+01
-2.630041724791531976e-02 4.610445829632487147e+01
-2.651733554694502004e-01 2.339548805660345465e+01
-3.941396916981884146e+01 2.764553270266778640e+01
-1.597543984299095676e+01 9.698813879042011976e+00
-1.461144617322158723e+01 -3.579658857157824770e+01
4.115867295096794720e+01 3.767903385662396687e+01
-4.741297421358450492e+01 3.978896307952975775e+01
7.255329974761615119e+00 -1.777571828121852349e+01
-1.724809192605272301e+01 3.437842204919109435e+01
-4.054472340593151358e+01 -4.854639114089286522e+01
4.715825915492177778e+00 4.387169942810549372e+01
2.402051437065001593e+01 1.187467411617322277e+01
-1.709225227079512877e+01 -3.970800629848332619e+01
-4.787504200114961606e+01 1.722626716253543577e+01
-1.937059563462236866e+01 2.846221900845935515e-01
-1.199561416808714309e+00 1.764885071335193700e+01
1.219594401197773337e+01 -3.954791268076840449e+00
9.686051867843026741e+00 -1.832131407910617682e+01
3.935562351999022379e+00 4.628573297314444801e+01
5.603751739718654257e+00 2.871271243920020666e+01
-4.861915399328926668e+01 -3.911605723819536706e+01
-2.024260589701081159e+01 -1.059682533518473413e+01
-1.126584893656356101e+01 -8.204535309897242001e+00
2.781668263088463533e+01 -1.397376790324324958e+01
-2.491029256825184746e+01 -2.490659191393568150e+01
1.515010293463723201e+01 -1.676166681256943036e+01
-7.975923167538456759e+00 -1.370193307808142968e+01
-3.544561682672843972e+01 4.977129167529761133e+01
-3.598765085705634448e+01 4.128843395796589988e+01
4.401180924649062831e+01 -4.447017656623395254e+01
3.693699484944557021e+00 2.134230566554573727e+01
-1.543843209251152260e+01 -4.806914727681609989e+00
4.072353219671928315e+01 2.594547317088624627e+00
7.115569967605351209e+00 -2.151560426702470163e+00
-3.034510538412698111e+01 -2.421325120117784380e+01
2.803240149034568063e+01 -3.230298107508380667e+01
6.271046401019431116e+00 4.600462442372873539e+01
-4.923471051031126677e+01 -1.626826115520397664e+01
3.313630450562850172e+01 -5.917053039361642064e+00
3.204048176521420999e+01 -3.153192656788951354e+01
3.039013984778939914e+01 1.164504948063576073e+01
-2.050103081891136014e+01 -9.072808496693751223e+00
2.915561473705495743e+01 -7.699574849840084667e+00
-3.781908740856287920e+01 1.841391690825766503e+01
3.315535548513728514e+01 3.100319040489793920e+01
7.695199765801374880e+00 -3.700196379264000512e+01
-1.247769118465595994e+01 2.797246249861917633e+01
-4.817126199579124801e+00 -2.030446461772352862e+01
4.146736420037313309e+01 -1.842049513800102645e+01
-2.851185042606482156e+01 -1.271577460356473388e+01
1.500933247467675002e+01 2.408527490715492902e+01
-9.407126906722318438e+00 -4.557450352778269931e+00
2.330681221308670104e+01 -3.150923374580257885e+01
4.965327129532958850e+00 -1.966558576244209533e+01
1.770900243640792837e+01 -8.186052827381606889e-01
-3.747078831186403391e+01 4.443058911221174867e+01
-1.568370025859849903e+01 -2.031149406530254709e+01
1.404595394174441481e+01 -4.849841582904812043e+00
-3.493078466576001517e+01 4.227418679730305939e+01
-2.104355531888054642e+01 -3.995572777563376121e+01
4.184258898793514447e+01 -4.819516267356863892e+01
-3.528071597748008514e+01 3.398109134406742982e+01
2.908772956651706210e+00 4.156433199222458796e+01
-1.796738944193420195e+01 1.905851649910265166e+01
-8.297024456008085025e+00 -1.352554579544364977e+01
4.156224340857783695e+00 -5.489628330778273835e+00
4.942023491173645056e+01 2.359324540400321624e+01
3.400075991663700137e+01 -4.757668209660469216e+01
-4.452203279106625899e+01 -2.184946846411072130e+01
1.520750625413435131e+01 4.520252897932110159e+01
1.854729166305722998e+01 2.526984547383912627e+01
-2.720048053538716104e+01 -4.065184748220504218e+01
2.357852748923982134e+01 2.300012548733623063e+01
1.158482006991730096e+01 -4.525200021356571511e+01
-2.256433481059735158e+01 -4.438620758175936487e+01
-9.367486236784506204e+00 2.027788550005247359e+01
8.076471483796421325e-01 4.907690050508964674e+01
-4.066125057233481499e+01 3.091490554937631430e+01
-2.584897825968053198e+01 -1.161684362429320494e+01
-8.392416635146338066e-01 2.220739894472980680e+01
-1.264657020854754776e+01 -4.441113387643223831e+01
-5.659275802844732084e+00 3.008885369895160267e+01
3.534531356417451065e+01 7.250369380919563511e+00
1.687252812435425753e+01 3.366801270988142392e+01
-2.346694139854832439e+00 4.500156680784061081e+01
5.349792269917131193e+00 4.468533717735376598e+01
3.457684439020909650e+01 -1.435488575682426493e+01
8.412210226586058326e+00 2.370726666508713265e+01
-2.419455613640106861e+01 3.379770565771732294e+01
-1.546266435047588494e+01 -4.913616965225106981e+01
4.832253304758178558e+01 4.036185999973277205e+01
-3.513690204082345048e+01 5.479965466601099955e+00
-4.819758783632033250e+00 -1.399670576745482009e+01
-4.735646347640602727e+01 4.235520530950790175e+01
4.459825591576185388e+01 -4.277550286452367345e+01
-2.607907237244490162e+01 -3.348355622645460272e-01
2.767494885697315965e+01 -1.438214284918207753e+01
-2.825130593931838163e+01 -3.688738636423385486e+01
3.506194829878634067e+01 3.963602440924118753e+01
4.340140916640648783e+01 4.369634121783100511e+01
1.815906482156939461e+01 -3.908535754569442133e+01
1.726034436535707073e+01 -3.415413037150851494e+01
1.816220934651736485e+01 -3.852612384595701656e+01
4.512196113572611722e+01 -4.214720731426780276e+00
-1.523906987276304470e+01 1.769222312606065728e+01
3.753751382440222528e+01 4.726093932197560576e+01
1.414075606119847883e+01 1.445167740521434752e+01
-1.194860084316362592e+00 3.001354177396303768e+01
3.284653385100100564e+01 5.440884694276060252e-01
2.983264456154417488e+01 1.396157439884068197e+01
3.076531771787847092e+01 -2.807821615286589889e+01
-4.990356396364581393e+00 3.955094572598882507e+01
4.197892986987782393e+01 -4.975486327988470947e+01
-2.711173958128767580e+01 -3.276067245488555102e+01
-3.064647109651090773e+01 -3.551615657326902209e+01
-3.941434522318596123e+01 3.553897702796915414e+00
8.913165943652433754e+00 3.396856268247895372e+01
-3.711664291004498040e+01 -3.376135100896655672e+01
-3.716660130346172153e+00 -2.803568011650249403e+01
-3.377653143361051491e+01 -1.024636966889632639e+01
8.212387963674295577e+00 -3.103601143106877913e+01
-1.252560062228109672e+01 -2.529234882436800547e+01
7.335202123340400782e+00 -1.945022788573370676e+01
-5.114176844876972439e+00 -4.750954484611173712e+01
2.375591516140904602e+01 3.318994432915300763e+01
-2.225585133162108065e+01 2.336011033716748386e+01
-2.505838290973559879e+01 -1.971273022621312521e+01
-3.687194086518380232e+01 -2.532557753790605304e+01
1.870322253611290719e+01 4.173526754989256204e+01
-3.171480765334500074e+00 -1.079023342618015135e+01
-6.872224721923291924e+00 9.456294790026420927e+00
-4.458314918596880716e+01 -1.507077525787224914e+01
-2.529801962725684206e+01 3.614633042967365384e+01
3.001642192348515792e+01 3.580908227848573944e+01
-1.117747056299223019e+01 -2.798010648975384385e+01
3.652473474797321984e+01 6.328298602805282336e+00
-4.833207080903076047e+01 1.847447298800858206e+01
-4.874057948140077201e+01 2.786126566464998078e+01
-2.046460465090800085e+01 -2.686164551987559790e+01
9.192089084012733835e+00 -1.908769629416453739e+01
-2.971901287398151936e+01 -1.029439712357784842e+01
-3.860234157967013147e+01 3.020066919158061935e+01
3.568865659185923533e+01 2.558143394157075257e+00
-4.248944731843745615e+01 -1.126040304622510924e+00
4.796012887512974743e+01 2.534293066131277783e+01
2.787870488288810478e+01 -9.280266943210136787e+00
3.460814832274107289e+01 2.999696852294848526e+01
3.890415280244396001e+01 -3.173439698431791456e+01
-4.830513425849355258e+01 -1.360978036039597328e+01
4.350880377641004060e+01 4.958520396293389609e+01
9.743711756822648340e-01 6.068190861636047373e+00
-4.586153979955771831e+01 -4.535547059386544078e+01
8.445295645485684233e+00 6.660698038748691374e+00
-4.100343620775864650e+01 4.505693554490481034e+01
2.142913312945098170e+01 -1.364556302122372777e+01
4.917924883073343523e+01 -1.327262155881438943e+01
-3.602517043236297400e+00 -2.409404079235523000e+01
4.251691704228648661e+01 -9.684872540081668646e+00
4.381837666248873120e+01 -1.384332540355678276e+01
-7.488915425977471507e+00 -8.885467192605522868e-01
2.164429361969030197e+01 2.771402642877620792e+01
7.015420503132641095e-01 -2.191419520075420380e+01
-1.236102575607700427e+00 4.079721558150502148e+01
3.846127271262989211e+01 -5.761502869642775693e+00
-9.628035982206350596e+00 -2.460892577928119884e+00
-1.793790556624148635e+01 2.893035026570349544e+01
3.737488468413714315e+01 -4.778152859261506080e+01
-2.205047280104173169e+01 4.181042529020623988e+01
9.378619334708282906e+00 3.530253994333054379e+01
2.435724672386977474e+01 3.378787635402269274e+01
-1.772418017216141806e+01 8.571549292459945235e+00
9.925739817095314166e+00 3.390707118012591081e+01
4.482220430190179172e+01 -4.582326219351642038e+01
2.428103948724835703e-01 4.307136575660918254e+01
-3.641259743891621525e+01 4.725014458391416383e+01
2.855573012062027161e+01 -2.122618881782325673e+01
-4.839128715456816110e+01 2.214850351724990674e+01
-9.471799501269250854e+00 4.690327580670439289e+01
2.435987431115852431e+01 -3.649855218204012175e+01
1.135797170723419391e+01 -1.789616835346197199e+00
2.169792317575642926e+01 2.724352349802092732e+01
1.073574408824888948e+01 -2.294956560133265455e+01
4.957873752255495958e+01 -3.507616690632027456e+01
-2.954198361458247746e+01 1.105798728341339476e+01
5.307768151047431715e+00 -2.163511545727775243e+01
-3.255815182952892428e+01 9.343914253365348088e+00
4.531328105317189170e+01 -2.046547483410068224e+01
3.996756693747977351e+01 3.268176855853812413e+01
8.718745542039506802e+00 3.728399784442672171e+01
-3.654591870749650440e+01 1.529541643686729202e+01
4.279666768447842884e+01 -1.890118374498430853e+01
4.361640415105607360e+01 -2.802087939223156710e+01
1.932734606449974990e+01 -1.737865482989753474e+01
-3.082480425814816272e+01 -2.192430436975135777e+01
-1.711142257425213309e+00 -9.899091435347040502e+00
4.199167907436491731e+01 -1.274690157734126217e+01
-2.021446236187183132e+01 -4.759387312515260504e+01
-5.945290499641231463e+00 4.317229485625296803e+01
1.468798722656091726e+01 -4.531805883783555089e+01
2.834636608384831646e+01 3.225486373364208958e+01
-2.164891758552044365e+01 -2.715026019303363825e+01
-3.337764402688716814e+01 -1.005980552778135184e+01
-7.323610076738196639e+00 3.960955084672199433e+01
2.575081970165845746e+01 -3.235966833763455952e+01
7.703196238209786273e+00 3.186095277093625810e+01
3.219888718033225850e+00 -2.549107459683465038e+01
4.665261903272926958e+01 -4.611232152035523768e+01
-4.606921494599959033e+01 -1.584298678294533502e+01
-3.618569974174543802e+01 -4.607521511552203464e+00
3.341827764721109162e+01 -4.377164611666874805e+01
-1.870919795866348068e+01 -3.497416828640265152e+01
-4.472001576959425506e+01 -1.659665521587845305e+01
3.793498634512025802e+01 2.732113084582990936e+01
8.175707864565174177e+00 2.170683181597816613e+01
-4.636666131566067151e+01 2.371370752045723762e+01
-1.153707241714590026e+01 -2.437053889024674191e+01
4.373895684929892980e+01 2.596754158565343218e+01
-1.516190595264660423e+01 -1.086624047886706279e+01
4.304888063967098333e+01 4.994816475095057484e+01
1.657620750026567169e+00 -1.872122660450772358e+01
-3.881655020836562642e+01 1.265894398744927862e+01
-2.271071462578684219e+01 -1.025556093417475623e+01
-3.731248554226775838e+01 -3.882091077510673216e+01
-3.761073773539524723e+01 1.428737700081772477e+00
7.087712609702501609e+00 2.294353433836467815e+01
-1.047223476426020206e+01 1.924917798177808592e+01
2.809297442698410663e+01 -1.848759295834749850e+01
3.396789460755086054e+01 2.549923868951204753e+01
-1.332267200689329911e+00 -7.002335132810621587e+00
-8.153562326243957159e+00 -1.956295929013256440e+01
2.549939809991361628e+01 4.179816590691453726e+00
3.511472817572980176e+01 -4.618795465032430059e+01
-9.945406307548775970e+00 -2.318434348917155319e+01
-2.965547089591672503e+01 8.617496193979935271e+00
-4.248009919401454226e+01 1.293331759874443065e+01
-2.246947881170036077e+00 -2.356281105050303992e+01
-1.688502958843506363e+01 1.747911206352684843e+01
3.875296546138085318e+01 2.202368812775559093e+01
3.888299303050764877e+01 2.212932758317311865e+01
4.838085594439899495e+01 3.645432493555703957e+01
-2.315077465912284183e+01 3.798353759513266681e+01
2.227689685685234622e+01 3.520483255443620862e+01
-3.934812104911245001e+01 2.003639026629916486e+01
-1.232674254438009775e+01 4.042435837649782826e+01
-2.892214651510836987e+01 2.219066497529661319e+01
1.577965160891697849e+01 1.239637605065799875e+01
-4.044637864319264509e+01 2.687487805460244772e+01
-3.790025853357491314e+01 -2.147654763625710217e+01
-7.771529409644650777e-01 2.000302117915719791e+01
4.320400000463906309e+01 -5.815272948555483268e+00
-4.501816673377347655e+01 -4.541170480138079313e+01
1.854915794787959271e+01 3.361227074078797727e+01
4.900071401693382001e+01 -2.171057150344146791e+01
-1.190598628362320355e+01 2.564653799885996222e+01
2.794329504361348082e+00 -7.212014023191137824e+00
5.811259334998808868e+00 -7.306944739474385386e+00
4.119374581527376478e+01 -2.755959657420603559e+00
2.776981100829706151e+01 2.846915248446566693e+01
1.182068087220600106e+01 4.543512524141859643e+01
3.670525287840899153e+01 1.106811587501917948e+01
4.560887314299611361e+00 -2.547458378129828915e+01
3.717051993561806000e+01 -3.164207079256183874e+01
-4.504170217527705233e+01 -4.392943109099871890e+01
1.293055269587022238e+01 2.617547446715068205e+01
-2.193302559149613629e+01 8.041219133041110467e+00
2.718872055127796727e+00 -4.015105904048987639e+01
-4.269966165420394333e+01 -1.385472540617869086e+01
-4.436271054471148290e+01 1.926086852386615789e+01
4.239810854109039440e+01 1.425652711430970321e+01
-4.217289887074156951e+01 1.809219016611579534e+01
9.323990198470822222e+00 2.317377383997684248e+01
1.388575483495324647e+01 -4.809345840483986478e+01
-2.405380071438176870e+01 2.603777661629817075e+01
